1,2019-05-14T10:58:09,42.361107,-71.092400,-0.221497,0.014771,1.037598
1,2019-05-14T10:58:11,42.361107,-71.092400,-0.220825,0.011047,1.036865
1,2019-05-14T10:58:19,42.361107,-71.092400,-0.217285,0.009521,1.033569
1,2019-05-14T10:58:21,42.361107,-71.092392,-0.216736,0.008301,1.041260
1,2019-05-14T10:58:24,42.361111,-71.092384,-0.221741,0.012695,1.037720
1,2019-05-14T10:58:29,42.361107,-71.092392,-0.219910,0.012146,1.034790
1,2019-05-14T10:58:31,42.361107,-71.092392,-0.220276,0.009888,1.036377
1,2019-05-14T10:58:35,42.361107,-71.092392,-0.227234,0.008362,1.040649
1,2019-05-14T10:58:37,42.361103,-71.092392,-0.220581,0.013611,1.039001
1,2019-05-14T10:58:39,42.361103,-71.092392,-0.216309,-0.015991,1.049622
1,2019-05-14T10:58:41,42.361103,-71.092392,-0.222839,0.008179,1.034119
1,2019-05-14T10:58:44,42.361103,-71.092392,-0.249390,0.013794,1.055847
1,2019-05-14T10:58:46,42.361103,-71.092392,-0.218018,0.007507,1.035156
1,2019-05-14T10:58:48,42.361103,-71.092392,-0.221130,0.007935,1.037842
1,2019-05-14T10:58:51,42.361103,-71.092392,-0.219666,0.011108,1.036255
1,2019-05-14T10:58:53,42.361103,-71.092392,-0.218750,0.011902,1.038818
1,2019-05-14T10:59:02,42.361095,-71.092392,-0.218750,0.009888,1.037537
1,2019-05-14T10:59:05,42.361095,-71.092384,-0.218384,0.011963,1.036438
1,2019-05-14T10:59:07,42.361095,-71.092392,-0.222656,0.012634,1.041321
1,2019-05-14T10:59:10,42.361095,-71.092392,-0.221069,0.016663,1.037048
1,2019-05-14T10:59:12,42.361095,-71.092392,-0.219910,0.013611,1.038086
1,2019-05-14T10:59:15,42.361095,-71.092392,-0.222595,0.011841,1.038025
1,2019-05-14T10:59:17,42.361095,-71.092392,-0.222229,0.010742,1.039368
1,2019-05-14T10:59:19,42.361099,-71.092392,-0.217285,0.015869,1.039246
1,2019-05-14T10:59:23,42.361099,-71.092392,-0.218628,0.011414,1.033691
1,2019-05-14T10:59:26,42.361099,-71.092392,-0.219604,0.011047,1.035461
1,2019-05-14T10:59:28,42.361099,-71.092392,-0.219299,0.011780,1.035217
1,2019-05-14T10:59:31,42.361099,-71.092392,-0.221375,0.011047,1.037781
1,2019-05-14T10:59:34,42.361099,-71.092392,-0.218933,0.009888,1.034668
1,2019-05-14T10:59:37,42.361099,-71.092392,-0.077881,0.157898,1.080688
1,2019-05-14T10:59:39,42.361099,-71.092392,-0.449097,0.074341,1.054626
1,2019-05-14T10:59:41,42.361099,-71.092392,-0.292908,0.461731,0.764893
1,2019-05-14T10:59:43,42.361099,-71.092392,0.113037,0.003479,1.062195
1,2019-05-14T10:59:45,42.361099,-71.092392,-0.087097,-0.004517,1.069458
1,2019-05-14T10:59:47,42.361099,-71.092392,-0.284790,0.151001,1.145874
1,2019-05-14T10:59:51,42.361099,-71.092392,-0.502930,0.186462,0.885193
1,2019-05-14T10:59:54,42.361099,-71.092392,-0.372559,0.325256,1.130249
1,2019-05-14T10:59:58,42.361115,-71.092392,-0.457458,0.307312,0.950500
1,2019-05-14T11:00:02,42.361115,-71.092392,-0.433716,0.238586,0.826538
1,2019-05-14T11:00:04,42.361107,-71.092400,-0.016663,-0.104797,0.973572
1,2019-05-14T11:00:06,42.361103,-71.092400,-0.150452,-0.367615,1.105408
1,2019-05-14T11:00:08,42.361103,-71.092400,-0.305725,0.139893,0.940491
1,2019-05-14T11:00:10,42.361103,-71.092392,-0.222351,0.015076,1.032104
1,2019-05-14T11:00:12,42.361103,-71.092392,-0.223999,0.016907,1.033813
1,2019-05-14T11:00:14,42.361103,-71.092392,-0.225769,0.016113,1.034546
1,2019-05-14T11:00:16,42.361103,-71.092392,-0.221313,0.014648,1.029785
1,2019-05-14T11:00:18,42.361099,-71.092384,-0.223816,0.015137,1.035278
1,2019-05-14T11:00:20,42.361099,-71.092384,-0.222717,0.016479,1.037354
1,2019-05-14T11:00:23,42.361099,-71.092384,-0.223328,0.015991,1.036072
1,2019-05-14T11:00:25,42.361095,-71.092384,-0.221985,0.016418,1.035156
1,2019-05-14T11:00:27,42.361095,-71.092377,-0.224060,0.016785,1.033691
1,2019-05-14T11:00:29,42.361095,-71.092377,-0.224304,0.015625,1.038513
1,2019-05-14T11:00:31,42.361095,-71.092377,-0.222839,0.017395,1.035828
1,2019-05-14T11:00:33,42.361095,-71.092377,-0.222351,0.019897,1.034302
1,2019-05-14T11:00:35,42.361095,-71.092377,-0.222351,0.018188,1.038818
1,2019-05-14T11:00:38,42.361092,-71.092377,-0.223755,0.016602,1.035339
1,2019-05-14T11:00:40,42.361092,-71.092377,-0.247009,-0.015991,1.034058
1,2019-05-14T11:00:43,42.361092,-71.092377,-0.223206,0.020142,1.035828
1,2019-05-14T11:00:45,42.361092,-71.092377,-0.220581,0.020386,1.032898
1,2019-05-14T11:00:47,42.361092,-71.092377,-0.223206,0.017700,1.033142
1,2019-05-14T11:00:49,42.361092,-71.092384,-0.223938,0.017578,1.035400
1,2019-05-14T11:00:51,42.361092,-71.092384,-0.224182,0.016724,1.038879
1,2019-05-14T11:00:53,42.361092,-71.092384,-0.224487,0.017700,1.045105
1,2019-05-14T11:00:55,42.361092,-71.092384,-0.229919,0.011963,1.057190
1,2019-05-14T11:00:57,42.361092,-71.092377,-0.223145,0.018372,1.031128
1,2019-05-14T11:01:01,42.361092,-71.092377,-0.224304,0.018188,1.037292
1,2019-05-14T11:01:06,42.361092,-71.092384,-0.222534,0.016846,1.033142
1,2019-05-14T11:01:08,42.361092,-71.092377,-0.222839,0.018005,1.037292
1,2019-05-14T11:01:11,42.361092,-71.092377,-0.224854,0.017395,1.038208
1,2019-05-14T11:01:14,42.361092,-71.092377,-0.224060,0.017212,1.035339
1,2019-05-14T11:01:16,42.361088,-71.092377,-0.222656,0.019226,1.034851
1,2019-05-14T11:01:18,42.361088,-71.092377,-0.224182,0.018127,1.036438
1,2019-05-14T11:01:20,42.361088,-71.092377,-0.222534,0.016846,1.037292
1,2019-05-14T11:01:22,42.361088,-71.092377,-0.223999,0.017395,1.036255
1,2019-05-14T11:01:24,42.361088,-71.092377,-0.224182,0.017761,1.033264
1,2019-05-14T11:01:26,42.361088,-71.092377,-0.222900,0.016174,1.033630
1,2019-05-14T11:01:28,42.361088,-71.092377,-0.223206,0.018066,1.035645
1,2019-05-14T11:01:31,42.361088,-71.092377,-0.224182,0.019470,1.036011
1,2019-05-14T11:01:33,42.361088,-71.092377,-0.223572,0.016357,1.032166
1,2019-05-14T11:01:36,42.361088,-71.092377,-0.222839,0.019348,1.036255
1,2019-05-14T11:01:38,42.361088,-71.092377,-0.224487,0.018005,1.038269
1,2019-05-14T11:01:43,42.361092,-71.092377,-0.224365,0.018799,1.035217
1,2019-05-14T11:01:45,42.361092,-71.092377,-0.225342,0.016357,1.038513
1,2019-05-14T11:01:47,42.361092,-71.092377,-0.222473,0.016785,1.039124
1,2019-05-14T11:01:50,42.361092,-71.092377,-0.223389,0.017029,1.037476
1,2019-05-14T11:01:52,42.361092,-71.092377,-0.224121,0.016785,1.037109
1,2019-05-14T11:01:55,42.361092,-71.092377,-0.220642,0.017700,1.036133
1,2019-05-14T11:01:58,42.361092,-71.092377,-0.223145,0.016541,1.036621
1,2019-05-14T11:02:00,42.361092,-71.092377,-0.222412,0.017334,1.037231
1,2019-05-14T11:02:02,42.361092,-71.092377,-0.222717,0.018066,1.033630
1,2019-05-14T11:02:04,42.361092,-71.092377,-0.223572,0.017883,1.036011
1,2019-05-14T11:02:06,42.361092,-71.092377,-0.223450,0.016541,1.033997
1,2019-05-14T11:02:08,42.361092,-71.092377,-0.222046,0.016541,1.034607
1,2019-05-14T11:02:11,42.361092,-71.092377,-0.224487,0.018494,1.035095
1,2019-05-14T11:02:13,42.361092,-71.092377,-0.223145,0.016846,1.034546
1,2019-05-14T11:02:15,42.361092,-71.092377,-0.222778,0.018677,1.034058
1,2019-05-14T11:02:17,42.361092,-71.092377,-0.222046,0.018372,1.033752
1,2019-05-14T11:02:20,42.361092,-71.092377,-0.223022,0.017639,1.036987
1,2019-05-14T11:02:22,42.361092,-71.092377,-0.224060,0.016846,1.033691
1,2019-05-14T11:02:24,42.361092,-71.092377,-0.223694,0.016418,1.035278
1,2019-05-14T11:02:26,42.361092,-71.092377,-0.223755,0.018066,1.035645
1,2019-05-14T11:02:28,42.361092,-71.092377,-0.221985,0.017883,1.032532
1,2019-05-14T11:02:31,42.361088,-71.092377,-0.222046,0.016541,1.034729
1,2019-05-14T11:02:33,42.361088,-71.092377,-0.223816,0.018311,1.036316
1,2019-05-14T11:02:37,42.361088,-71.092377,-0.222839,0.015442,1.033325
1,2019-05-14T11:02:39,42.361088,-71.092377,-0.220825,0.018738,1.036011
1,2019-05-14T11:02:41,42.361088,-71.092377,-0.222961,0.016846,1.036316
1,2019-05-14T11:02:43,42.361088,-71.092377,-0.223022,0.017212,1.037231
1,2019-05-14T11:02:46,42.361088,-71.092377,-0.223022,0.015503,1.034302
1,2019-05-14T11:02:48,42.361088,-71.092377,-0.222656,0.018005,1.035034
1,2019-05-14T11:02:50,42.361088,-71.092377,-0.223022,0.016541,1.032898
1,2019-05-14T11:02:52,42.361088,-71.092377,-0.222717,0.017639,1.037415
1,2019-05-14T11:02:54,42.361088,-71.092384,-0.222778,0.018127,1.033630
1,2019-05-14T11:02:56,42.361088,-71.092384,-0.223511,0.014771,1.034546
1,2019-05-14T11:02:58,42.361088,-71.092384,-0.222046,0.017273,1.034180
1,2019-05-14T11:03:00,42.361088,-71.092384,-0.224792,0.016907,1.035217
1,2019-05-14T11:03:04,42.361088,-71.092384,-0.223328,0.017578,1.034668
1,2019-05-14T11:03:08,42.361088,-71.092377,-0.222900,0.016479,1.033203
1,2019-05-14T11:03:12,42.361088,-71.092377,-0.223145,0.018188,1.034668
1,2019-05-14T11:03:14,42.361088,-71.092377,-0.224182,0.016663,1.035278
1,2019-05-14T11:03:16,42.361088,-71.092377,-0.223145,0.018860,1.039368
1,2019-05-14T11:03:18,42.361088,-71.092377,-0.220093,0.018677,1.036926
1,2019-05-14T11:03:23,42.361088,-71.092377,-0.222046,0.018127,1.034424
1,2019-05-14T11:03:29,42.361088,-71.092377,-0.223511,0.017090,1.037170
1,2019-05-14T11:03:34,42.361088,-71.092377,-0.223022,0.017700,1.030518
1,2019-05-14T11:03:36,42.361088,-71.092377,-0.223816,0.016968,1.034546
1,2019-05-14T11:03:38,42.361088,-71.092377,-0.223389,0.018799,1.035522
1,2019-05-14T11:03:42,42.361088,-71.092377,-0.224854,0.016357,1.039307
1,2019-05-14T11:03:44,42.361088,-71.092377,-0.223755,0.016724,1.035156
1,2019-05-14T11:03:47,42.361088,-71.092377,-0.224182,0.016907,1.034363
1,2019-05-14T11:03:49,42.361088,-71.092377,-0.224365,0.017395,1.039673
1,2019-05-14T11:03:51,42.361088,-71.092377,-0.222656,0.017212,1.034058
1,2019-05-14T11:03:53,42.361088,-71.092377,-0.220703,0.017151,1.031677
1,2019-05-14T11:03:55,42.361088,-71.092377,-0.224731,0.016907,1.035339
1,2019-05-14T11:03:59,42.361088,-71.092377,-0.220947,0.019165,1.034363
1,2019-05-14T11:04:02,42.361088,-71.092377,-0.223328,0.017090,1.036133
1,2019-05-14T11:04:05,42.361088,-71.092377,-0.219910,0.017334,1.039062
1,2019-05-14T11:04:08,42.361088,-71.092377,-0.222290,0.016357,1.035950
1,2019-05-14T11:04:13,42.361088,-71.092377,-0.222778,0.017578,1.038513
1,2019-05-14T11:04:15,42.361088,-71.092377,-0.222900,0.018066,1.033264
1,2019-05-14T11:04:17,42.361088,-71.092377,-0.222290,0.018127,1.038635
1,2019-05-14T11:04:19,42.361088,-71.092377,-0.223450,0.019531,1.034790
1,2019-05-14T11:04:22,42.361084,-71.092377,-0.222717,0.015137,1.035156
1,2019-05-14T11:04:24,42.361084,-71.092377,-0.222168,0.016357,1.033386
1,2019-05-14T11:04:26,42.361084,-71.092377,-0.223999,0.018250,1.037354
1,2019-05-14T11:04:28,42.361084,-71.092377,-0.223694,0.018311,1.037415
1,2019-05-14T11:04:31,42.361084,-71.092377,-0.221863,0.018738,1.033203
1,2019-05-14T11:04:34,42.361084,-71.092377,-0.222168,0.016785,1.035767
1,2019-05-14T11:04:36,42.361084,-71.092377,-0.222656,0.019043,1.035095
1,2019-05-14T11:04:38,42.361084,-71.092377,-0.224060,0.016846,1.034790
1,2019-05-14T11:04:40,42.361084,-71.092377,-0.222351,0.020874,1.033813
1,2019-05-14T11:04:42,42.361084,-71.092377,-0.222656,0.017517,1.037109
1,2019-05-14T11:04:44,42.361084,-71.092377,-0.222229,0.017761,1.036499
1,2019-05-14T11:04:46,42.361084,-71.092377,-0.221313,0.014282,1.038574
1,2019-05-14T11:04:48,42.361084,-71.092377,-0.223572,0.015198,1.037720
1,2019-05-14T11:04:50,42.361084,-71.092377,-0.223877,0.017090,1.032349
1,2019-05-14T11:04:52,42.361084,-71.092377,-0.223206,0.015747,1.036926
1,2019-05-14T11:04:54,42.361084,-71.092384,-0.222473,0.014343,1.035217
1,2019-05-14T11:04:56,42.361084,-71.092384,-0.222656,0.015503,1.034607
1,2019-05-14T11:05:00,42.361084,-71.092384,-0.223633,0.018433,1.037231
1,2019-05-14T11:05:02,42.361084,-71.092384,-0.224060,0.016724,1.039246
1,2019-05-14T11:05:08,42.361084,-71.092384,-0.224670,0.016907,1.036682
1,2019-05-14T11:05:10,42.361084,-71.092384,-0.222961,0.017700,1.035339
1,2019-05-14T11:05:12,42.361084,-71.092384,-0.222351,0.014038,1.036011
1,2019-05-14T11:05:14,42.361084,-71.092384,-0.223511,0.017883,1.036621
1,2019-05-14T11:05:17,42.361084,-71.092384,-0.222534,0.016541,1.042236
1,2019-05-14T11:05:20,42.361084,-71.092384,-0.222961,0.017151,1.037415
1,2019-05-14T11:05:22,42.361084,-71.092384,-0.224487,0.018921,1.032349
1,2019-05-14T11:05:24,42.361084,-71.092384,-0.224854,0.017334,1.035339
1,2019-05-14T11:05:26,42.361084,-71.092384,-0.224670,0.017517,1.035889
1,2019-05-14T11:05:28,42.361084,-71.092384,-0.223145,0.016968,1.036377
1,2019-05-14T11:05:33,42.361084,-71.092384,-0.222107,0.017334,1.030151
1,2019-05-14T11:05:36,42.361084,-71.092384,-0.221375,0.015198,1.038696
1,2019-05-14T11:05:38,42.361084,-71.092384,-0.223389,0.018188,1.035339
1,2019-05-14T11:05:41,42.361084,-71.092384,-0.221924,0.016113,1.033325
1,2019-05-14T11:05:43,42.361084,-71.092384,-0.220459,0.019348,1.036255
1,2019-05-14T11:05:45,42.361084,-71.092384,-0.224182,0.017944,1.036011
1,2019-05-14T11:05:48,42.361084,-71.092384,-0.223022,0.018555,1.035950
1,2019-05-14T11:05:53,42.361084,-71.092384,-0.224121,0.015442,1.033569
1,2019-05-14T11:05:55,42.361084,-71.092384,-0.225281,0.016418,1.035278
1,2019-05-14T11:05:57,42.361084,-71.092384,-0.222351,0.018494,1.036255
1,2019-05-14T11:05:59,42.361084,-71.092384,-0.223267,0.017822,1.032776
1,2019-05-14T11:06:01,42.361084,-71.092384,-0.225647,0.019531,1.037720
1,2019-05-14T11:06:03,42.361084,-71.092384,-0.222290,0.019287,1.037354
1,2019-05-14T11:06:06,42.361084,-71.092384,-0.224182,0.017395,1.039368
1,2019-05-14T11:06:10,42.361088,-71.092384,-0.224976,0.017029,1.036377
1,2019-05-14T11:06:12,42.361088,-71.092384,-0.222961,0.017273,1.032776
1,2019-05-14T11:06:14,42.361088,-71.092384,-0.222656,0.019287,1.034424
1,2019-05-14T11:06:16,42.361088,-71.092384,-0.223145,0.019470,1.034912
1,2019-05-14T11:06:18,42.361088,-71.092384,-0.222595,0.016724,1.033264
1,2019-05-14T11:06:20,42.361088,-71.092384,-0.222717,0.016846,1.033447
1,2019-05-14T11:06:22,42.361088,-71.092384,-0.225281,0.018005,1.037781
1,2019-05-14T11:06:24,42.361088,-71.092384,-0.221802,0.018311,1.034363
1,2019-05-14T11:06:26,42.361088,-71.092384,-0.224365,0.018555,1.034363
1,2019-05-14T11:06:29,42.361088,-71.092384,-0.224060,0.018188,1.038696
1,2019-05-14T11:06:31,42.361088,-71.092384,-0.226135,0.017212,1.033997
1,2019-05-14T11:06:34,42.361088,-71.092384,-0.222717,0.019470,1.036804
1,2019-05-14T11:06:36,42.361088,-71.092384,-0.224915,0.018616,1.026306
1,2019-05-14T11:06:38,42.361088,-71.092384,-0.224243,0.016907,1.024170
1,2019-05-14T11:06:40,42.361088,-71.092384,-0.224548,0.017151,1.037842
1,2019-05-14T11:06:42,42.361088,-71.092384,-0.220947,0.019470,1.035767
1,2019-05-14T11:06:44,42.361088,-71.092384,-0.220642,0.019348,1.036133
1,2019-05-14T11:06:47,42.361088,-71.092384,-0.224365,0.018005,1.035461
1,2019-05-14T11:06:49,42.361088,-71.092384,-0.224487,0.015747,1.035278
1,2019-05-14T11:06:51,42.361088,-71.092384,-0.222961,0.018799,1.034241
1,2019-05-14T11:06:54,42.361088,-71.092384,-0.220886,0.016907,1.028076
1,2019-05-14T11:06:56,42.361088,-71.092384,-0.224609,0.017029,1.037720
1,2019-05-14T11:07:00,42.361088,-71.092384,-0.223633,0.015930,1.039612
1,2019-05-14T11:07:02,42.361088,-71.092384,-0.223694,0.016602,1.038574
1,2019-05-14T11:07:05,42.361088,-71.092384,-0.220764,0.015991,1.034607
1,2019-05-14T11:07:07,42.361088,-71.092384,-0.223328,0.015381,1.037537
1,2019-05-14T11:07:09,42.361088,-71.092384,-0.225159,0.015259,1.036499
1,2019-05-14T11:07:12,42.361088,-71.092384,-0.222107,0.015686,1.039185
1,2019-05-14T11:07:14,42.361088,-71.092384,-0.224548,0.018311,1.035583
1,2019-05-14T11:07:16,42.361088,-71.092384,-0.226501,0.016235,1.038940
1,2019-05-14T11:07:18,42.361088,-71.092384,-0.223328,0.016541,1.037231
1,2019-05-14T11:07:20,42.361088,-71.092384,-0.224487,0.015991,1.042114
1,2019-05-14T11:07:23,42.361088,-71.092384,-0.222534,0.016296,1.033691
1,2019-05-14T11:07:27,42.361088,-71.092384,-0.221436,0.013428,1.035767
1,2019-05-14T11:07:29,42.361088,-71.092384,-0.221313,0.016479,1.038269
1,2019-05-14T11:07:31,42.361088,-71.092384,-0.221375,0.017578,1.036804
1,2019-05-14T11:07:34,42.361088,-71.092384,-0.221802,0.014893,1.037292
1,2019-05-14T11:07:36,42.361088,-71.092384,-0.221924,0.016663,1.037292
1,2019-05-14T11:07:38,42.361088,-71.092384,-0.223511,0.017822,1.035339
1,2019-05-14T11:07:40,42.361088,-71.092384,-0.220581,0.016357,1.035889
1,2019-05-14T11:07:43,42.361084,-71.092384,-0.220093,0.018066,1.034607
1,2019-05-14T11:07:47,42.361088,-71.092384,-0.222290,0.016724,1.034363
1,2019-05-14T11:07:49,42.361088,-71.092384,-0.223755,0.016663,1.034973
1,2019-05-14T11:07:51,42.361088,-71.092384,-0.219421,0.017761,1.037415
1,2019-05-14T11:07:55,42.361084,-71.092384,-0.223022,0.019043,1.033813
1,2019-05-14T11:07:57,42.361084,-71.092384,-0.223877,0.017578,1.035889
1,2019-05-14T11:07:59,42.361084,-71.092384,-0.222900,0.017578,1.035522
1,2019-05-14T11:08:02,42.361084,-71.092384,-0.223999,0.017273,1.034302
1,2019-05-14T11:08:04,42.361084,-71.092384,-0.224670,0.016418,1.036804
1,2019-05-14T11:08:07,42.361084,-71.092384,-0.223083,0.018188,1.035583
1,2019-05-14T11:08:10,42.361084,-71.092384,-0.223145,0.019592,1.036621
1,2019-05-14T11:08:12,42.361084,-71.092384,-0.223328,0.016907,1.036377
1,2019-05-14T11:08:14,42.361084,-71.092384,-0.260315,-0.110901,1.064758
1,2019-05-14T11:08:17,42.361084,-71.092384,-0.229614,-0.006775,1.034668
1,2019-05-14T11:08:19,42.361084,-71.092384,-0.232056,-0.005371,1.030090
0,2000-00-00T00:00:00,0.000000,0.000000,0.000000,0.000000,0.000000
0,2000-00-00T00:00:00,0.000000,0.000000,0.000000,0.000000,0.000000
0,2000-00-00T00:00:00,0.000000,0.000000,0.000000,0.000000,0.000000
0,2000-00-00T00:00:00,0.000000,0.000000,0.000000,0.000000,0.000000
0,2000-00-00T00:00:00,0.000000,0.000000,0.000000,0.000000,0.000000
0,2000-00-00T00:00:00,0.000000,0.000000,0.000000,0.000000,0.000000
0,2000-00-00T00:00:00,0.000000,0.000000,0.000000,0.000000,0.000000
0,2000-00-00T00:00:00,0.000000,0.000000,0.000000,0.000000,0.000000
0,2000-00-00T00:00:00,0.000000,0.000000,0.000000,0.000000,0.000000
0,2000-00-00T00:00:00,0.000000,0.000000,0.000000,0.000000,0.000000
1,2019-05-15T19:50:00,42.358295,-71.087822,-0.070618,-0.069763,1.039307
1,2019-05-15T19:50:03,42.358292,-71.087830,-0.074402,-0.068298,1.034180
1,2019-05-15T19:50:07,42.358295,-71.087845,-0.075317,-0.072327,1.045837
1,2019-05-15T19:50:09,42.358295,-71.087845,-0.154907,-0.067200,1.039368
1,2019-05-15T19:50:11,42.358295,-71.087845,-0.101562,-0.062927,1.038025
1,2019-05-15T19:50:13,42.358295,-71.087837,-0.101868,-0.060608,1.032715
1,2019-05-15T19:50:15,42.358295,-71.087837,-0.101074,-0.060669,1.033630
1,2019-05-15T19:50:19,42.358299,-71.087837,-0.102173,-0.058350,1.036865
1,2019-05-15T19:50:21,42.358303,-71.087830,-0.105225,-0.057922,1.040649
1,2019-05-15T19:50:23,42.358307,-71.087830,-0.103088,-0.059814,1.032776
1,2019-05-15T19:50:25,42.358311,-71.087830,-0.101501,-0.058594,1.036682
1,2019-05-15T19:50:27,42.358311,-71.087830,-0.103516,-0.058716,1.036865
1,2019-05-15T19:50:29,42.358311,-71.087837,-0.100403,-0.060242,1.033142
1,2019-05-15T19:50:32,42.358315,-71.087837,-0.017639,-0.058411,1.048096
1,2019-05-15T19:50:37,42.358315,-71.087830,-0.077942,-0.059509,1.036438
1,2019-05-15T19:50:39,42.358315,-71.087830,-0.073059,-0.057251,1.040405
1,2019-05-15T19:50:41,42.358318,-71.087830,-0.076599,-0.055542,1.037964
1,2019-05-15T19:50:44,42.358318,-71.087830,-0.076111,-0.056519,1.040405
1,2019-05-15T19:50:46,42.358318,-71.087830,-0.075378,-0.055542,1.039490
1,2019-05-15T19:50:50,42.358322,-71.087837,-0.075989,-0.053284,1.040222
1,2019-05-15T19:52:31,42.358318,-71.087807,-0.217407,0.090515,0.846191
1,2019-05-15T19:52:33,42.358326,-71.087799,-0.743530,0.196960,-0.501221
1,2019-05-15T19:52:35,42.358326,-71.087799,-0.917419,0.007874,-0.381714
1,2019-05-15T19:52:38,42.358326,-71.087807,-1.054688,-0.012268,0.136536
1,2019-05-15T19:52:43,42.358372,-71.087807,-0.822510,0.143921,-0.504883
1,2019-05-15T19:52:46,42.358372,-71.087807,-0.869812,-0.269531,0.482849
1,2019-05-15T19:52:48,42.358368,-71.087807,-1.008179,-0.051880,0.356262
1,2019-05-15T19:52:50,42.358368,-71.087807,-0.955566,0.179626,0.468933
1,2019-05-15T19:52:52,42.358364,-71.087799,-0.837952,0.089111,-0.477661
1,2019-05-15T19:52:54,42.358360,-71.087799,-0.961670,-0.178223,-0.110474
1,2019-05-15T19:52:56,42.358364,-71.087822,-0.913757,-0.089661,0.440857
1,2019-05-15T19:52:58,42.358372,-71.087822,-0.884521,0.014771,0.448975
1,2019-05-15T19:53:03,42.358368,-71.087814,-0.839294,0.057495,0.563110
1,2019-05-15T19:53:06,42.358368,-71.087814,-0.831482,-0.034424,0.524780
1,2019-05-15T19:53:09,42.358368,-71.087807,-0.776123,0.058411,0.694946
1,2019-05-15T19:53:11,42.358368,-71.087807,-0.784302,0.022888,0.655090
1,2019-05-15T19:53:13,42.358368,-71.087807,-0.759644,0.008484,0.677002
1,2019-05-15T19:53:15,42.358368,-71.087807,-0.734924,0.094360,0.573975
1,2019-05-15T19:53:17,42.358364,-71.087807,-0.836792,0.028503,0.561462
1,2019-05-15T19:53:19,42.358364,-71.087807,-0.610535,-0.091553,-0.601074
1,2019-05-15T19:53:21,42.358364,-71.087807,-0.770996,0.089966,-0.508911
1,2019-05-15T19:53:24,42.358364,-71.087807,-0.899841,0.086060,0.456299
1,2019-05-15T19:53:27,42.358364,-71.087807,-0.848938,0.159668,0.459351
1,2019-05-15T19:53:29,42.358368,-71.087807,-0.874634,0.165710,0.441467
1,2019-05-15T19:53:33,42.358368,-71.087807,-0.994995,0.181213,-0.122742
1,2019-05-15T19:53:35,42.358368,-71.087807,-0.962158,0.220276,0.080017
1,2019-05-15T19:53:38,42.358364,-71.087807,-0.857788,0.257507,0.441589
1,2019-05-15T19:53:41,42.358364,-71.087807,-0.891785,0.091125,0.430237
1,2019-05-15T19:53:43,42.358368,-71.087807,-0.596130,0.147095,-0.671082
1,2019-05-15T19:53:47,42.358356,-71.087807,-0.448853,0.724731,0.555420
1,2019-05-15T19:58:33,42.358128,-71.087654,-0.236877,0.007141,1.022278
1,2019-05-15T19:58:37,42.358143,-71.087662,-0.266663,0.143188,0.971069
1,2019-05-15T19:58:41,42.358154,-71.087669,-0.271973,0.142944,0.992554
1,2019-05-15T19:58:43,42.358162,-71.087669,-0.245667,0.107056,0.994080
1,2019-05-15T19:58:45,42.358166,-71.087669,-0.262390,0.158508,0.978088
1,2019-05-15T19:58:48,42.358170,-71.087669,-0.273987,0.227661,0.951538
1,2019-05-15T19:58:51,42.358173,-71.087669,-0.273315,0.185608,0.980713
1,2019-05-15T19:58:53,42.358177,-71.087669,-0.234558,0.047546,1.004150
1,2019-05-15T19:58:55,42.358177,-71.087669,-0.252686,0.243652,0.990051
1,2019-05-15T19:58:58,42.358177,-71.087669,-0.284485,0.101013,0.986755
1,2019-05-15T19:59:00,42.358181,-71.087669,-0.210144,0.027710,1.031921
1,2019-05-15T19:59:03,42.358181,-71.087662,-0.276123,0.174683,0.950317
1,2019-05-15T19:59:08,42.358181,-71.087662,-0.280151,0.222107,0.980835
1,2019-05-15T19:59:10,42.358181,-71.087662,-0.275879,0.149536,0.984680
1,2019-05-15T19:59:12,42.358185,-71.087662,-0.281311,0.211731,0.962646
1,2019-05-15T19:59:14,42.358185,-71.087662,-0.277039,0.191650,0.985962
1,2019-05-15T19:59:17,42.358185,-71.087662,-0.278381,0.220276,0.970642
1,2019-05-15T19:59:18,42.358185,-71.087662,-0.293335,0.244080,0.969788
1,2019-05-15T19:59:21,42.358185,-71.087654,-0.284180,0.216431,0.967773
1,2019-05-15T19:59:25,42.358185,-71.087654,-0.258728,0.094849,0.993591
1,2019-05-15T19:59:27,42.358185,-71.087654,-0.271179,0.207397,0.974792
1,2019-05-15T19:59:29,42.358185,-71.087654,-0.241211,0.036743,1.013184
1,2019-05-15T19:59:32,42.358185,-71.087646,-0.240784,-0.006409,1.024292
1,2019-05-15T19:59:33,42.358185,-71.087646,-0.264221,0.066833,1.021057
1,2019-05-15T19:59:35,42.358185,-71.087646,-0.228210,-0.020752,1.014160
1,2019-05-15T19:59:37,42.358189,-71.087646,-0.216919,-0.054077,1.000671
1,2019-05-15T19:59:39,42.358189,-71.087646,-0.218262,-0.052246,1.010254
1,2019-05-15T19:59:43,42.358189,-71.087646,-0.236877,-0.020630,0.990051
1,2019-05-15T19:59:45,42.358189,-71.087646,-0.231995,-0.027710,0.985718
1,2019-05-15T19:59:47,42.358189,-71.087646,-0.227539,-0.041382,1.019348
1,2019-05-15T19:59:49,42.358189,-71.087646,-0.231506,-0.014221,1.000488
1,2019-05-15T19:59:51,42.358189,-71.087646,-0.229248,-0.031128,1.023438
1,2019-05-15T19:59:53,42.358189,-71.087646,-0.227417,-0.032104,0.997314
1,2019-05-15T19:59:55,42.358189,-71.087646,-0.230774,-0.008057,1.026611
1,2019-05-15T19:59:57,42.358189,-71.087646,-0.218262,-0.065308,1.011169
1,2019-05-15T19:59:59,42.358189,-71.087646,-0.230164,-0.063843,0.993958
1,2019-05-16T-4:00:04,42.358189,-71.087646,-0.219971,-0.055176,1.010681
1,2019-05-16T-4:00:06,42.358189,-71.087646,-0.233093,-0.002136,0.992676
1,2019-05-16T-4:00:09,42.358189,-71.087646,-0.231750,-0.005432,0.997070
1,2019-05-16T-4:00:12,42.358196,-71.087631,-0.218750,-0.042175,0.996887
1,2019-05-16T-4:00:14,42.358200,-71.087624,-0.215027,-0.000916,1.008972
1,2019-05-16T-4:00:17,42.358204,-71.087616,-0.321716,0.286072,0.926208
1,2019-05-16T-4:00:19,42.358208,-71.087608,-0.306213,0.448303,0.861145
1,2019-05-16T-4:00:21,42.358208,-71.087608,-0.311768,0.267029,1.014404
1,2019-05-16T-4:00:23,42.358215,-71.087601,-0.152344,-0.190796,1.003540
1,2019-05-16T-4:00:25,42.358227,-71.087608,-0.179260,-0.138000,1.023010
1,2019-05-16T-4:00:28,42.358231,-71.087624,-0.261597,0.294556,0.930298
1,2019-05-16T-4:00:31,42.358238,-71.087639,-0.255066,0.169861,1.008606
1,2019-05-16T-4:00:34,42.358246,-71.087654,-0.244263,0.032471,1.011169
1,2019-05-16T-4:00:36,42.358246,-71.087669,-0.221069,0.002869,1.010864
1,2019-05-16T-4:00:38,42.358242,-71.087669,-0.221985,0.053528,1.015503
1,2019-05-16T-4:00:40,42.358238,-71.087669,-0.297485,0.237183,0.958557
1,2019-05-16T-4:00:43,42.358242,-71.087677,-0.226685,0.038025,0.995789
1,2019-05-16T-4:00:45,42.358238,-71.087685,-0.303406,0.206482,0.954529
1,2019-05-16T-4:00:47,42.358242,-71.087692,-0.231995,0.013916,0.990051
1,2019-05-16T-4:00:50,42.358238,-71.087708,-0.284668,0.234863,0.977051
1,2019-05-16T-4:00:53,42.358231,-71.087723,-0.232666,0.001465,1.021484
1,2019-05-16T-4:00:56,42.358223,-71.087715,-0.252197,0.060974,0.992432
1,2019-05-16T-4:00:59,42.358212,-71.087723,-0.219055,-0.012085,1.039490
1,2019-05-16T-4:01:01,42.358204,-71.087730,-0.294983,0.159485,0.978821
1,2019-05-16T-4:01:03,42.358196,-71.087738,-0.243164,0.070740,0.970703
1,2019-05-16T-4:01:06,42.358181,-71.087746,-0.229065,0.006531,1.008179
1,2019-05-16T-4:01:09,42.358166,-71.087753,-0.227905,0.041748,0.979797
1,2019-05-16T-4:01:11,42.358158,-71.087769,-0.225342,0.001221,1.013733
1,2019-05-16T-4:01:14,42.358158,-71.087784,-0.266907,0.042786,1.050903
1,2019-05-16T-4:01:16,42.358154,-71.087784,-0.225342,0.018066,0.935364
1,2019-05-16T-4:01:18,42.358158,-71.087791,-0.219788,0.004028,1.035583
1,2019-05-16T-4:01:20,42.358154,-71.087799,-0.229675,0.092712,0.946167
1,2019-05-16T-4:01:24,42.358154,-71.087807,-0.216492,-0.078491,1.007202
1,2019-05-16T-4:01:27,42.358150,-71.087814,-0.248962,0.086792,1.010986
1,2019-05-16T-4:01:29,42.358147,-71.087822,-0.283936,0.184509,0.959229
1,2019-05-16T-4:01:31,42.358147,-71.087822,-0.178345,-0.152588,1.020569
1,2019-05-16T-4:01:34,42.358143,-71.087830,-0.249634,0.144531,1.052368
1,2019-05-16T-4:01:38,42.358139,-71.087830,-0.253662,0.083374,0.957947
1,2019-05-16T-4:01:41,42.358139,-71.087830,-0.268433,0.127197,0.976929
1,2019-05-16T-4:01:44,42.358139,-71.087837,-0.212585,-0.052368,1.014771
1,2019-05-16T-4:01:46,42.358139,-71.087837,-0.270264,0.164673,0.981201
1,2019-05-16T-4:01:48,42.358139,-71.087837,-0.267822,0.164551,0.985413
1,2019-05-16T-4:01:50,42.358139,-71.087837,-0.283691,0.209961,0.972778
1,2019-05-16T-4:01:53,42.358135,-71.087845,-0.272766,0.162170,0.964844
1,2019-05-16T-4:01:55,42.358131,-71.087860,-0.280640,0.151917,1.018188
1,2019-05-16T-4:01:57,42.358128,-71.087868,-0.275391,0.186768,0.977478
1,2019-05-16T-4:02:00,42.358120,-71.087883,-0.291321,0.153015,0.980957
1,2019-05-16T-4:02:02,42.358112,-71.087898,-0.209961,-0.019714,1.029724
1,2019-05-16T-4:02:08,42.358089,-71.087975,-0.273010,0.153137,0.918823
1,2019-05-16T-4:02:11,42.358086,-71.087990,-0.269287,0.155945,0.963135
1,2019-05-16T-4:02:14,42.358082,-71.087990,-0.277710,0.153748,1.026001
1,2019-05-16T-4:02:16,42.358082,-71.087990,-0.272156,0.178955,0.990662
1,2019-05-16T-4:02:20,42.358078,-71.087997,-0.272888,0.148804,1.006165
1,2019-05-16T-4:02:22,42.358078,-71.088005,-0.280701,0.214966,0.964539
1,2019-05-16T-4:02:24,42.358078,-71.088005,-0.277405,0.182983,0.974792
1,2019-05-16T-4:02:26,42.358074,-71.088013,-0.277466,0.181152,0.977905
1,2019-05-16T-4:02:28,42.358074,-71.088013,-0.265137,0.103516,0.993835
1,2019-05-16T-4:02:30,42.358074,-71.088020,-0.256226,0.063538,1.011902
1,2019-05-16T-4:02:33,42.358063,-71.088043,-0.302063,0.259094,0.970154
1,2019-05-16T-4:02:35,42.358051,-71.088066,-0.285217,0.223328,0.946899
1,2019-05-16T-4:02:37,42.358040,-71.088089,-0.284119,0.211975,0.955017
1,2019-05-16T-4:02:39,42.358028,-71.088112,-0.284607,0.234070,0.962646
1,2019-05-16T-4:02:43,42.358009,-71.088150,-0.291626,0.237305,0.984558
1,2019-05-16T-4:02:46,42.357994,-71.088173,-0.233276,-0.002441,1.026855
1,2019-05-16T-4:02:48,42.357986,-71.088188,-0.222900,0.067871,0.991943
1,2019-05-16T-4:02:51,42.357986,-71.088211,-0.340637,0.173462,0.885132
1,2019-05-16T-4:02:53,42.357998,-71.088226,-0.163940,-0.199768,0.990845
1,2019-05-16T-4:02:55,42.358009,-71.088226,-0.111755,-0.313293,0.987610
1,2019-05-16T-4:02:57,42.358009,-71.088226,-0.246094,0.078430,1.021729
1,2019-05-16T-4:03:01,42.358013,-71.088226,-0.238281,0.026367,0.983215
1,2019-05-16T-4:03:03,42.358017,-71.088219,-0.239258,0.024658,1.011719
1,2019-05-16T-4:03:07,42.358021,-71.088219,-0.268372,0.193054,0.988037
1,2019-05-16T-4:03:10,42.358028,-71.088211,-0.232117,-0.033447,1.002930
1,2019-05-16T-4:03:12,42.358036,-71.088203,-0.201965,-0.094116,0.979675
1,2019-05-16T-4:03:14,42.358051,-71.088188,-0.218567,-0.063171,1.064636
1,2019-05-16T-4:03:17,42.358067,-71.088158,-0.272461,0.234802,0.983032
1,2019-05-16T-4:03:20,42.358082,-71.088135,-0.311890,0.184509,0.945007
1,2019-05-16T-4:03:22,42.358086,-71.088120,-0.185730,-0.147644,0.997437
1,2019-05-16T-4:03:24,42.358089,-71.088104,-0.253052,0.197510,0.998474
1,2019-05-16T-4:03:27,42.358097,-71.088081,-0.246155,0.148621,0.990967
1,2019-05-16T-4:03:29,42.358105,-71.088074,-0.185852,-0.141724,1.024658
1,2019-05-16T-4:03:31,42.358109,-71.088081,-0.220825,-0.059204,1.006714
1,2019-05-16T-4:03:35,42.358124,-71.088058,-0.145081,-0.225159,1.007019
1,2019-05-16T-4:03:37,42.358128,-71.088043,-0.251282,0.123901,0.960999
1,2019-05-16T-4:03:39,42.358131,-71.088043,-0.136963,-0.259277,0.988098
1,2019-05-16T-4:03:41,42.358131,-71.088043,-0.254700,0.156555,0.992676
1,2019-05-16T-4:03:44,42.358139,-71.088036,-0.185791,-0.153442,0.999329
1,2019-05-16T-4:03:46,42.358143,-71.088028,-0.264526,0.134827,0.966492
1,2019-05-16T-4:03:48,42.358143,-71.088028,-0.250244,0.012146,1.021240
1,2019-05-16T-4:03:52,42.358150,-71.088020,-0.214600,0.021667,1.000732
1,2019-05-16T-4:03:54,42.358158,-71.087997,-0.253235,0.109863,0.995789
1,2019-05-16T-4:03:57,42.358166,-71.087990,-0.255798,0.112000,0.989197
1,2019-05-16T-4:03:59,42.358173,-71.087975,-0.194885,-0.197388,1.005920
1,2019-05-16T-4:04:01,42.358185,-71.087959,-0.250366,0.024658,1.003113
1,2019-05-16T-4:04:03,42.358204,-71.087936,-0.258240,0.173889,0.989258
1,2019-05-16T-4:04:05,42.358219,-71.087929,-0.197998,-0.153076,0.981079
1,2019-05-16T-4:04:11,42.358253,-71.087891,-0.309998,0.278320,0.976685
1,2019-05-16T-4:04:13,42.358269,-71.087883,-0.234314,0.024780,0.996887
1,2019-05-16T-4:04:15,42.358280,-71.087868,-0.236145,0.038391,1.014160
1,2019-05-16T-4:04:17,42.358292,-71.087860,-0.220703,0.012451,0.956482
1,2019-05-16T-4:04:19,42.358307,-71.087852,-0.175964,-0.005676,0.990295
1,2019-05-16T-4:04:21,42.358318,-71.087845,-0.144531,0.091614,1.006226
1,2019-05-16T-4:04:24,42.358318,-71.087837,-0.210266,0.049194,0.996094
1,2019-05-16T-4:04:26,42.358318,-71.087830,-0.196472,0.081543,0.998901
1,2019-05-16T-4:04:03,42.358204,-71.087936,-0.258240,0.173889,0.989258
1,2019-05-16T-4:04:05,42.358219,-71.087929,-0.197998,-0.153076,0.981079
1,2019-05-16T-4:04:11,42.358253,-71.087891,-0.309998,0.278320,0.976685
1,2019-05-16T-4:04:13,42.358269,-71.087883,-0.234314,0.024780,0.996887
1,2019-05-16T-4:04:15,42.358280,-71.087868,-0.236145,0.038391,1.014160
1,2019-05-16T-4:04:17,42.358292,-71.087860,-0.220703,0.012451,0.956482
1,2019-05-16T-4:04:19,42.358307,-71.087852,-0.175964,-0.005676,0.990295
1,2019-05-16T-4:04:21,42.358318,-71.087845,-0.144531,0.091614,1.006226
1,2019-05-16T-4:04:24,42.358318,-71.087837,-0.210266,0.049194,0.996094
1,2019-05-16T-4:04:26,42.358318,-71.087830,-0.196472,0.081543,0.998901
